image: Kartosess205052020.pgm
resolution: 0.025000
origin: [-73.721506, -166.504500, 0.000000]
negate: 0
occupied_thresh: 0.65
free_thresh: 0.196

