image: HectorSess2.pgm
resolution: 0.050000
origin: [-202.424988, -202.424988, 0.000000]
negate: 0
occupied_thresh: 0.65
free_thresh: 0.196

