image: KaroSess2.pgm
resolution: 0.025000
origin: [-74.106604, -191.846437, 0.000000]
negate: 0
occupied_thresh: 0.65
free_thresh: 0.196

