image: KaroSess1.pgm
resolution: 0.025000
origin: [-74.127500, -166.577132, 0.000000]
negate: 0
occupied_thresh: 0.65
free_thresh: 0.196

